$ANSIBLE_VAULT;1.1;AES256
63633264323062646165366162313730326236346663653936643839613730303364663733363136
3832326562353839636162333231326365303433353937310a303437633831356336306238306162
65396335393135616331366362626530313163353565643761383636373664303531646639666130
6438333135653462340a306537663566663761383962663839356433313834663736363565373761
64663363316137633631356637623338346434613835386362343332343765303434636636326533
39386364363936333734366263383432393738313562386163626332333164393137373931343634
31666532613165656235313338356237393062666533613231363461376335616337646665306563
31303839326165396435623361633761336238326237366463356337666463333664313732646635
31666564306635366165353237376336646135613866333033303731663066326335376163623935
63613661383333303132346633356631393135326339323261663561616335363631643966373665
63313834653131393338623630666436353261323565383334373631333939643461353831643962
63643435346666616265373339656338343166306635313134646339336532396465633837346331
34626465346131383531306465616136363166383666373563343232663830623264343230376365
35326238393066316465396135633563643033303139646133333738613537353137626234346265
32306162613235313334386336323666376162383235366136336466383035313037326637393962
64353333643634356364343933356261666634363039303934393465633265363663656436643339
39656430343037653061663661393435353761663434656563633030623738366630356564646232
61313039313464313630373434353138353635366161613432653938326665383839393534626234
66626439393734373430333639396630653332323833623666396538313732336661353537623466
35616630323663613739
